0
312
315
336
416
420
624
627
630
648
651
672
728
731
732
735
752
756
832
836
840
936
939
942
945
960
963
966
984
987
1008
1040
1043
1044
1046
1047
1050
1064
1067
1068
1071
1088
1092
1144
1147
1148
1151
1152
1155
1168
1172
1176
1248
1251
1252
1254
1256
1257
1260
1272
1275
1278
1281
1296
1299
1302
1320
1323
1344
1352
1355
1356
1358
1359
1361
1362
1365
1376
1379
1380
1382
1383
1386
1400
1403
1404
1407
1424
1428
1456
1459
1460
1462
1463
1464
1466
1467
1470
1480
1483
1484
1487
1488
1491
1504
1508
1512
1560
1563
1564
1566
1567
1568
1569
1571
1572
1575
1584
1587
1588
1590
1592
1593
1596
1608
1611
1614
1617
1632
1635
1638
1656
1659
1664
1667
1668
1670
1671
1672
1673
1674
1676
1677
1680
1688
1691
1692
1694
1695
1697
1698
1701
1712
1715
1716
1718
1719
1722
1736
1739
1740
1743
1760
1764
1768
1771
1772
1774
1775
1776
1777
1778
1779
1781
1782
1785
1792
1795
1796
1798
1799
1800
1802
1803
1806
1816
1819
1820
1823
1824
1827
1840
1844
1848
1872
1875
1876
1878
1879
1880
1881
1882
1883
1884
1886
1887
1890
1896
1899
1900
1902
1903
1904
1905
1907
1908
1911
1920
1923
1924
1926
1928
1929
1932
1944
1947
1950
1953
1968
1971
1974
1976
1979
1980
1982
1983
1984
1985
1986
1987
1988
1989
1991
1992
1995
2000
2003
2004
2006
2007
2008
2009
2010
2012
2013
2016
2024
2027
2028
2030
2031
2033
2034
2037
2048
2051
2052
2054
2055
2058
2072
2075
2076
2079
2080
2083
2084
2086
2087
2088
2089
2090
2091
2092
2093
2094
2096
2097
2100
2104
2107
2108
2110
2111
2112
2113
2114
2115
2117
2118
2121
2128
2131
2132
2134
2135
2136
2138
2139
2142
2152
2155
2156
2159
2160
2163
2176
2180
2184
2187
2188
2190
2191
2192
2193
2194
2195
2196
2197
2198
2199
2201
2202
2205
2208
2211
2212
2214
2215
2216
2217
2218
2219
2220
2222
2223
2226
2232
2235
2236
2238
2239
2240
2241
2243
2244
2247
2256
2259
2260
2262
2264
2265
2268
2280
2283
2286
2288
2289
2291
2292
2294
2295
2296
2297
2298
2299
2300
2301
2302
2303
2304
2306
2307
2310
2312
2315
2316
2318
2319
2320
2321
2322
2323
2324
2325
2327
2328
2331
2336
2339
2340
2342
2343
2344
2345
2346
2348
2349
2352
2360
2363
2364
2366
2367
2369
2370
2373
2384
2387
2388
2390
2391
2392
2394
2395
2396
2398
2399
2400
2401
2402
2403
2404
2405
2406
2407
2408
2409
2411
2412
2415
2416
2419
2420
2422
2423
2424
2425
2426
2427
2428
2429
2430
2432
2433
2436
2440
2443
2444
2446
2447
2448
2449
2450
2451
2453
2454
2457
2464
2467
2468
2470
2471
2472
2474
2475
2478
2488
2491
2492
2495
2496
2499
2500
2502
2503
2504
2505
2506
2507
2508
2509
2510
2511
2512
2513
2514
2516
2517
2520
2523
2524
2526
2527
2528
2529
2530
2531
2532
2533
2534
2535
2537
2538
2541
2544
2547
2548
2550
2551
2552
2553
2554
2555
2556
2558
2559
2562
2568
2571
2572
2574
2575
2576
2577
2579
2580
2583
2592
2595
2596
2598
2600
2601
2603
2604
2606
2607
2608
2609
2610
2611
2612
2613
2614
2615
2616
2617
2618
2619
2621
2622
2624
2625
2627
2628
2630
2631
2632
2633
2634
2635
2636
2637
2638
2639
2640
2642
2643
2646
2648
2651
2652
2654
2655
2656
2657
2658
2659
2660
2661
2663
2664
2667
2672
2675
2676
2678
2679
2680
2681
2682
2684
2685
2688
2696
2699
2700
2702
2703
2704
2705
2706
2707
2708
2709
2710
2711
2712
2713
2714
2715
2716
2717
2718
2719
2720
2721
2722
2723
2724
2726
2727
2728
2730
2731
2732
2734
2735
2736
2737
2738
2739
2740
2741
2742
2743
2744
2745
2747
2748
2751
2752
2755
2756
2758
2759
2760
2761
2762
2763
2764
2765
2766
2768
2769
2772
2776
2779
2780
2782
2783
2784
2785
2786
2787
2789
2790
2793
2800
2803
2804
2806
2807
2808
2810
2811
2812
2814
2815
2816
2817
2818
2819
2820
2821
2822
2823
2824
2825
2826
2827
2828
2829
2831
2832
2835
2836
2838
2839
2840
2841
2842
2843
2844
2845
2846
2847
2848
2849
2850
2852
2853
2856
2859
2860
2862
2863
2864
2865
2866
2867
2868
2869
2870
2871
2873
2874
2877
2880
2883
2884
2886
2887
2888
2889
2890
2891
2892
2894
2895
2898
2904
2907
2908
2910
2911
2912
2913
2915
2916
2918
2919
2920
2921
2922
2923
2924
2925
2926
2927
2928
2929
2930
2931
2932
2933
2934
2936
2937
2939
2940
2942
2943
2944
2945
2946
2947
2948
2949
2950
2951
2952
2953
2954
2955
2957
2958
2960
2961
2963
2964
2966
2967
2968
2969
2970
2971
2972
2973
2974
2975
2976
2978
2979
2982
2984
2987
2988
2990
2991
2992
2993
2994
2995
2996
2997
2999
3000
3003
3008
3011
3012
3014
3015
3016
3017
3018
3019
3020
3021
3022
3023
3024
3025
3026
3027
3028
3029
3030
3031
3032
3033
3034
3035
3036
3037
3038
3039
3040
3041
3042
3043
3044
3045
3046
3047
3048
3049
3050
3051
3052
3053
3054
3055
3056
3057
3058
3059
3060
3062
3063
3064
3066
3067
3068
3070
3071
3072
3073
3074
3075
3076
3077
3078
3079
3080
3081
3083
3084
